# Created by Octave 4.0.2, Wed Dec 14 14:56:35 2016 PST <quang@quang-System-Product-Name>
# name: a
# type: scalar
11


