# Created by Octave 4.0.2, Sat Dec 17 13:50:13 2016 PST <quang@quang-System-Product-Name>
# name: A
# type: scalar
11


