# Created by Octave 4.0.2, Mon Dec 05 15:12:20 2016 PST <quang@quang-System-Product-Name>
# name: a
# type: scalar
10


