# Created by Octave 4.0.2, Tue Jan 31 02:25:40 2017 UTC <ubuntu@argvil19-devtest-app-4346707>
# name: A
# type: scalar
15


