# Created by Octave 4.0.2, Wed Feb 01 06:45:49 2017 UTC <ubuntu@argvil19-devtest-app-4346707>
# name: A
# type: scalar
12


