# Created by Octave 4.0.2, Wed Feb 01 10:07:30 2017 UTC <ubuntu@argvil19-devtest-app-4346707>
# name: A
# type: range
# base, limit, increment
4 4.8 0.2


