# Created by Octave 4.0.2, Mon Jan 30 05:26:53 2017 UTC <ubuntu@argvil19-devtest-app-4346707>
# name: A
# type: scalar
15


# name: ans
# type: scalar
7.5


